-10.298839860876107 -40.67532023534167 1.4622982982074777
1.7781927889411548 -43.00594756984246 1.6421141253138862
-13.196421856288033 -41.3947010571437 1.4153832799106818
-10.291014481147492 -37.53667550820582 1.547875229171073
-7.395619166271686 -39.246954573313445 1.6322686160915292
-4.5249799704455 -40.910381236605375 1.5466490621502775
-1.1436790251595426 -40.15095197951726 1.7773059087956993
2.009378611240777 -39.331518686797594 1.296166046263084
4.673777637952341 -40.98371750320755 1.6028207799759555
8.017173466464754 -40.9640247152434 1.6311391445942443
11.272140046808445 -41.14046065443978 1.335229830907758
15.168729461825478 -40.59046148090338 1.4006957977884067
-28.47954039643203 -32.409058432457606 1.2259853281130029
-19.599726668549025 -36.08697459171025 1.6922798568689776
-15.938042690043268 -36.82038210244485 1.2992697572277885
-13.737076511232999 -38.455960954475884 1.3226642797637984
-9.795222261484511 -33.065875058056875 1.5719153383834257
-7.604333582077658 -35.776380743488424 1.448420569685439
-4.994484175469864 -37.218604031358794 1.3463226606876075
-1.427329833073557 -36.73673693548144 1.4318178050257522
2.740849866961497 -36.44172570637366 1.3229389233102833
5.510781990479359 -37.75799350598769 1.6171557464157083
9.969614624710104 -38.399212047174615 1.456732537123303
12.8689236633018 -38.78949810940249 1.3564914765636917
15.567468072660077 -37.53509619782321 1.5025520765711777
18.483619937912295 -39.1583017382399 1.6757038460593678
21.437972570980136 -37.36023850031914 1.6340240298997224
23.70837513678711 -35.472234556639414 1.2008399536688739
-29.721921119896102 -29.800170213317656 1.4824886249169615
-25.590740837877178 -34.60639177783624 1.5046753705276856
-21.147264398056322 -32.865998956790456 1.5745990205981677
-16.597204335003518 -33.8985411664413 1.5382208311780263
-12.8073606604773 -31.93437154405804 1.5418503425316459
-12.66971578781694 -35.289186006576735 1.4886111016572066
-10.15613424137333 -28.034584279413657 1.472770167849247
-6.692718818467455 -33.22406022570069 1.1249741377411744
-3.5661944887766452 -34.53406404969666 1.504769078180118
0.5623927066595797 -34.025324598524904 1.783048119279981
3.2318861508426835 -32.62429949704885 1.1300464223288038
5.20625928132759 -34.33398649613568 1.2864429414648437
8.205489726474298 -35.441858212964384 1.786551246028211
12.022183364533987 -35.50490855682136 1.8867361519659611
15.47252463668417 -34.22496014493472 1.6883035838977438
18.41612391563588 -35.71406948214618 1.498405919354413
20.945321374012295 -34.0970741839265 1.400214167992032
23.3770836229574 -32.623339771039134 1.3406322412769234
26.338223526827505 -32.15777623659804 1.4446456379869994
-26.76776695657847 -23.74708783976896 1.36630714533447
-27.605973299352627 -27.166456376809272 1.542683565871302
-25.621337935531336 -31.236525400577385 1.6320775387942614
-20.4918873475755 -29.165120961952304 1.8902763560471638
-16.605928844052492 -30.139179696537717 1.9409276031492428
-13.246114082911944 -28.574735121030464 1.5412625822668136
-9.865758425106293 -24.909552656664083 1.4067570574168813
-7.62994624281248 -30.22848111597115 1.6695383919652353
-4.480239114433701 -31.38651706602262 1.5471200448003093
-1.4278940740885844 -31.29249962110901 1.3904031156109327
1.0822553116522045 -30.489698119162952 1.1104800959132821
5.522652549179469 -30.862776383560266 1.637998344210714
8.622191020736963 -31.96735293056797 1.500023317473133
12.178753111847072 -31.032824537148905 1.8497875848891616
15.939246537010206 -30.558296577475176 1.805123685644453
19.03593864261272 -31.86959779703745 1.400685276700331
20.714776906644374 -29.532556314642115 1.3332042740105616
23.795556726970617 -29.511636905351295 1.645073293779523
27.046247849929202 -29.16908266008248 1.4649798381781707
30.388216268753055 -29.85358017108304 1.4789001342071801
33.45704733779799 -27.03962411575749 1.4330129069850772
-24.977806220258863 -25.63804838092959 1.1353436336266747
-23.84426360087278 -28.474710196435346 1.3729459728629827
-17.60054280579118 -26.680431896036595 1.2418478030524707
-14.477943455458686 -25.929534727157005 1.158309253046481
-11.76563379133205 -20.361000158598195 1.4438446653230836
-9.58864347312781 -22.07703647507614 1.2272312102995757
-7.298411985040602 -26.599603569014462 1.5356532483329177
-4.824415055116944 -28.19809219581723 1.2380398515559112
-0.9099995236184668 -28.00886657319687 1.5972817866973392
2.625855132530873 -28.218876102584304 1.5013210647634898
4.333733765993344 -25.562873479872025 1.5283264061195103
6.667425349310591 -27.721158325217758 1.4906440621742596
9.429765555725652 -28.984362423944468 1.4419006797089904
14.083844034897794 -26.629044014210912 1.4580576044352926
18.15573594473311 -27.522647756815623 1.7583395016406829
21.408947216645544 -26.356876113499574 1.5932196257326245
24.805920632886668 -26.293839980726226 1.4748729833551804
28.079667862681447 -26.325233849803624 1.3695375026285366
30.643376020959593 -26.983046500673247 1.169202261909783
31.567305945501857 -24.658881615317135 1.1957332572539203
-34.098960300488265 -25.65313507761386 1.2468899634343593
-30.90837289084037 -26.072815083416927 1.7778401918177178
-23.746700233355384 -23.114203770147824 1.2704970659408907
-21.970134112718007 -25.68879605056587 1.7500076065183092
-18.922886905704978 -23.888035706130637 1.6753613429417593
-12.676578454473017 -23.442691608589307 1.6581606222214706
-9.562728531200264 -18.460290093144096 1.1073559511064068
-7.255030637338251 -23.50152834742407 1.3646619911419136
-4.558603501715922 -22.74956632925101 1.309231946871145
-3.224933582757501 -25.59803547003368 1.6352311687289318
1.1102629061060725 -25.444655920702886 1.542938416441431
5.373424661925611 -22.716204126775224 1.3192231081875523
8.015761876003339 -24.17270608478372 1.5815410439446493
10.887051885614113 -26.07527730201658 1.6755315113615121
14.427285517317287 -23.44568730629026 1.5883969456086127
17.383722362404015 -24.36799919199285 1.3622292367033895
20.225867541073725 -23.17446871589432 1.617161781645921
23.425652231270647 -23.544353100104665 1.471841243266393
26.507807004459025 -23.751765572518643 1.4561970461141507
30.103167381207527 -22.518741325435883 1.2913343967770916
-35.75154366153757 -19.99346928375455 1.1520934181284377
-32.52672528159201 -19.808521044483925 1.4731820979054162
-31.442856701229708 -17.311884897485726 1.038898823556779
-34.54092359545785 -22.613913100228636 1.6135832683683071
-29.689859543599326 -22.501344499468395 1.6389649081733442
-25.480091349437814 -20.751956709090464 1.5547322325120614
-21.176269351736458 -21.37667124777161 1.5309773602232095
-18.171823833470363 -20.680582781667745 1.2744443858948127
-15.700928186597586 -22.37512301700962 1.4474516525088033
-12.232606312368254 -17.204399258563853 1.5976523478745428
-7.05526222875568 -20.180485593657792 1.8005643834001779
-3.917752877176767 -20.06457166526129 1.2290813139473737
-1.0387275696497227 -22.3982799155619 2.044881034636841
2.6653623773724036 -22.71283201591961 1.2653882843967799
5.464667274375103 -19.70951766511122 1.3346195391646185
8.211617100820845 -20.628695920734643 1.4460577049524717
11.038397454609083 -22.401950857963463 1.7442317546965713
13.576158193859328 -20.162867654898747 1.3071943990034551
16.507755206007403 -20.90812809262605 1.5418612201388455
19.641228131138433 -19.853353048240045 1.6130266067398917
22.89602900730462 -20.447115599779302 1.5083393112008423
27.45460659354248 -20.668517412389562 1.5898208187462999
30.611541375306516 -19.256207191053946 1.7591208292138345
34.38094507739055 -23.345137363394258 1.7080009673768233
37.70274129617282 -21.235836616108827 1.6666473977321574
-38.18449642237278 -17.247130578121798 1.7540719745458313
-34.49620131662268 -17.27634821893659 1.6143774952822092
-34.03729222875652 -14.043974186618293 1.4719269254274794
-29.128151892218547 -18.9971543772712 1.5770751265095189
-25.968652065237265 -17.48201409516333 1.5228715387819207
-21.96714893167833 -15.958434658497168 1.273347856950916
-22.57283266255743 -18.650868768762678 1.353927699923234
-19.48596651628955 -17.863305703713174 1.705697435644577
-15.289886997206587 -18.910066212124157 1.7704099393213604
-9.345092973067196 -15.783474039205323 1.4281417017682356
-6.534168055079874 -16.87959555889673 1.160132650276118
-3.9429473891535167 -17.10251011676629 1.3242386949576628
-1.2841845319993581 -18.625171153551513 1.5926510434232335
2.2587221237669013 -19.574583204269807 1.7301768732968734
4.337637212045948 -16.179297778309603 1.508961796242458
7.384205183361445 -17.55636049766791 1.4479067302855435
10.795638129005582 -18.260378971280225 1.8971246725107658
13.952817753029237 -17.423204919159105 1.2505350205433872
17.91378432153624 -16.763760324555392 1.581224902755127
20.827824849482937 -17.107254623490505 1.240350874912702
25.217193582550678 -18.16972510201446 1.6393745999899925
28.08638496750197 -16.46618654988142 1.5333371205539976
34.3150102613109 -19.57904186863575 1.8197416203893961
36.38425472368404 -16.88486028758078 1.4424266654165134
39.282783887520054 -18.267822438040866 1.5668471898105778
-40.79722536888892 -11.609972884530812 1.427620404034616
-37.32173923192513 -13.847901018813147 1.6000913940225814
-31.703064778638158 -12.109623589029844 1.357417749099872
-30.373796100749374 -14.722353048868698 1.4712395727519105
-27.42524728334176 -14.736935392647744 1.2518012407852708
-24.502520383273676 -14.47489975667213 1.5517550028785965
-19.220349907593587 -14.251529477233127 1.744869431096925
-16.17192393706039 -15.702284558918791 1.4300393451407705
-12.808477767300637 -14.047199777994301 1.3383540710551036
-9.9906998653205 -13.187615683926879 1.103490773840834
-6.829936601371415 -14.082640827070854 1.4523085623818897
-4.055097028005534 -14.412965265154227 1.2017432120982778
-1.2901021840514062 -13.204905475883038 1.6999861969300158
1.0343540844502144 -16.19269911665088 1.6495522532201599
5.811119721281571 -13.517049787514821 1.3598481309744783
9.053223135439595 -14.518315775499424 1.8709448270743316
12.291859863304495 -15.286997215096541 1.286723496788762
15.303159465304432 -14.838544603687154 1.5223280310715375
17.847533794889983 -12.362019792397774 1.106622686102254
20.35397858127392 -12.993937882734308 1.3280945520144631
23.272525002034683 -15.407769895672914 1.5924227842638863
23.621072802234195 -12.425035464758132 1.1661548748701644
29.080428747291535 -13.411128158113513 1.554798048625866
31.378917071880565 -15.794795162005869 1.6491561593316584
32.50976337616795 -12.854425176544908 1.3904499021059218
36.87433998504153 -13.903141835458115 1.474727965422593
40.15221351000561 -14.895255456352253 1.7150405921877478
-34.29633088051561 -10.282693989089573 1.5865405906437755
-32.22005086700152 -7.777672493357926 1.4630469711874887
-30.135147244240386 -9.834820278277007 1.1876310939097636
-27.886924046563635 -11.882558854235107 1.4874854277987117
-25.07001633513442 -10.494677243690127 1.4518011797698946
-22.14382318538336 -12.053689399614157 1.6747169993733746
-19.0394539302276 -10.999587579624034 1.4107650934138014
-16.419832168686497 -10.20958110199824 1.1713356640038493
-15.39430853385845 -12.743361482224564 1.453827011123538
-11.933038064509418 -10.894730915959038 1.7941104963962282
-8.081155531087305 -10.834596519929221 1.8193154742768582
-4.309456319840791 -11.112793180915105 1.8406306230724874
-0.5970571847650064 -9.212706812657487 1.3068230575809725
2.3465660279565554 -12.805780527177923 1.8405688529744533
4.991351431149468 -10.651738736124464 1.4277467296329491
8.46316509561926 -10.627997825923302 1.8853765368576227
11.842093263982534 -12.404271456379199 1.5131481772150732
14.971444556431791 -11.330929635523475 1.6815989239853064
18.50521117186136 -9.596413564357903 1.5359649764743293
21.549816355036256 -10.33324455522709 1.486356440708972
26.633360746663243 -11.469754240579661 1.40103971794623
28.603163986117735 -8.975977052622326 1.598052657389656
26.036118263419624 -14.229389131889882 1.2769574687943652
30.60388185181047 -10.966935597320017 1.094522217866864
35.19803312583109 -11.212850235103723 1.5430343683318437
39.08103866202096 -11.055012897283952 1.9944492118123027
-37.73946648238245 -10.475816533579746 1.6717012159882514
-39.932949119212424 -7.991628949963797 1.5334376567076948
-35.46742982374239 -6.910352682210544 1.716089431547289
-29.792393682258435 -5.853640954322728 1.3478932024165848
-27.46044734115656 -8.838289786816347 1.3468708975428223
-24.945861654178827 -7.556829501163527 1.3370905155696686
-18.88244443866865 -7.718773348937681 1.6554265068331235
-16.19397041360927 -5.699895096059585 1.552436775263306
-14.216247261734232 -8.285183310160875 1.5653185098786842
-10.856044837054384 -7.4413070981134695 1.7018933557229217
-7.6381089746925 -7.490540547130294 1.3739060933405758
-4.2839978488452175 -7.320370333042597 1.8381264675672893
-0.9204526622843616 -6.14980433324147 1.5718478497983008
1.9881689079998495 -8.275923355970328 1.258081701882708
4.513265252857948 -7.877995707070106 1.1789170324631886
7.515386581639348 -7.395343668791227 1.3742846033601663
12.224060421347772 -9.098439427909376 1.7139114143433147
15.55107033497265 -7.660776708120665 1.7254003046031716
18.32397302988214 -5.909449376499921 1.3989292599909622
20.852403668818752 -7.4325394048430695 1.3897824239071068
24.62814725434538 -8.62935159419007 1.8925473194031526
27.043727694093207 -6.551923033849285 1.1829548477263572
30.888754168441224 -6.78812354489073 1.407962992050262
32.68565535016178 -9.278744347932268 1.4686054734096805
37.47749469311468 -7.449333060816279 1.8388753049003115
40.96118234058551 -6.318364352225316 1.5549237623884031
-41.461885790705516 -4.43820176370636 1.6171782036225868
-38.57131135862894 -5.393066424196398 1.2722775575404515
-36.29116931018992 -3.8564408713057503 1.2649080814529599
-32.711057158165914 -3.98379688270893 1.9555289613260385
-26.940989105715587 -5.556175770345 1.3436991492133736
-24.21562302187256 -4.2103395169311 1.4385901072487057
-22.05321693943484 -6.679495524122842 1.4739166383987166
-19.48453965169086 -4.314887276423121 1.674590950119401
-13.334684690859085 -3.9862715529063166 1.6182990573108937
-9.788428549110556 -4.027081349580186 1.7600889416497272
-6.780873819089308 -4.80397259867766 1.2327646342341763
-3.851775148494724 -3.6075907695643963 1.7937144651094998
-0.3659828814472803 -2.856052251048027 1.6096321877924182
2.2816699682170736 -5.272545559951759 1.5316526384068354
5.448386428697049 -5.297440000433063 1.4533558468999896
8.554864420317145 -4.962887748340734 1.0718705113731806
10.873467051541269 -6.195216601737997 1.3590107741050343
13.101299233275654 -4.228578138398419 1.432097228138082
16.076192049889272 -3.9918369941668317 1.3391090393730951
20.895350388774332 -4.290368743343066 1.5310101206548203
24.37655919688268 -4.808676271521293 1.7992526390074044
26.708151697526105 -3.0074881680905605 0.9995186930876363
28.541775870119892 -4.606117506377302 1.0510233936149374
31.224344733078738 -4.130944773596681 1.1681379851384963
34.10004616487197 -5.80630820251568 1.7650954806715806
36.238259535419076 -3.442976066335504 1.2622705490529773
38.65387079480098 -4.414457737759676 1.2285279403822276
-42.87816400908952 -1.1195746244437572 1.4825042891887306
-39.71751520449941 -1.6535613168890109 1.4513371778440982
-36.771688044634 -1.283457377758424 1.2513333525949237
-33.67715784666524 -0.36030108310890796 1.6938800809651384
-29.270545214892095 -1.931473506816701 1.3337626209041777
-26.686206061424237 -2.8028483680554075 1.257650602082034
-25.057055426601522 -0.6272974154928761 1.309713021546268
-21.870369798141894 -1.7027310453151046 1.7075786607493795
-17.740841959241877 -1.6765715602136027 1.2929269328716004
-14.991226794877939 -1.397031959994294 1.276687040004953
-11.648047848261804 -1.2958097934285036 1.438642803362185
-7.003466386967602 -1.7234442301366073 1.7354880348294404
-2.5193149232978413 -0.5830570305851381 1.4006217763100703
0.31038503174580967 0.08357551519273443 1.2948787121129557
2.7859592485717 -2.1533646739414394 1.4625856502407146
7.043982886269646 -2.233929782671126 1.8718313039921877
10.36908303740762 -1.0081168018981828 1.49002828888726
13.380442592341538 -1.3588117783557152 1.3327421882240422
16.270139173494243 -0.9885419212702402 1.478239377689884
18.459968821422933 -2.812570306675056 1.1490964247745237
20.4754939265039 -1.1652999524279721 1.3417700534878358
24.384983246118452 -1.117594998377058 1.7864688182277149
29.35319349807635 -1.5921345744192053 1.8786117229604453
32.960169648122815 -1.7859724003826898 1.5661363321117538
35.72413040966347 -0.9189673374741716 1.1444717717650656
38.260232754051586 -1.7216565985075505 1.2308112725984706
41.1266447440464 -1.812497954891242 1.506038791057986
-42.51129528293173 1.7929388809534572 1.328889798579459
-39.69399730272138 2.798949538269568 1.4160234340228075
-36.7135843272652 1.5661766093195553 1.4916878992716402
-33.81377085250392 2.9441812836927 1.419175865489298
-30.976051906326447 1.6338831982075135 1.4072899251064719
-27.80186562522764 0.746928247446192 1.6116933773084323
-25.303695653100284 2.5140406149553627 1.272371624483415
-23.064625727340406 1.1587219205733987 1.2423143877429397
-19.364789281151566 1.4275947548435681 2.1088361628180143
-14.152034857607312 1.5981635016238727 1.7007379262382623
-10.842190934833908 1.5967019909189446 1.444978082905399
-7.9469563572842645 1.2790213906154833 1.2457478152306707
-4.811359671201302 1.7698366883106758 1.7655783213683522
-1.6355549318493132 2.095857473759793 1.282614194048386
1.3954803400735187 2.9812223323222327 1.6686982739823046
3.668652967420755 0.7444238415344415 1.418467233642379
7.120511633238124 1.5233225327534115 1.7841743181446101
10.792581492420354 2.362635261662291 1.7647167613879091
13.996425442027572 1.4889171133903716 1.4117087263571513
16.83017167985986 1.869145954791179 1.323385242672051
19.677184396981687 1.6136894081260067 1.3879562120974278
22.35696774016047 1.2485699630013016 1.1712377799032572
26.394457362513137 1.8224692742966369 1.587806619170994
30.277789670060017 2.0508378235987266 1.748428975899539
33.60372725840597 1.3852189933344476 1.4905236612695734
36.67435356662716 1.6721151621020738 1.4731576213916753
39.34195507196813 0.6907448139227057 1.2579405604824583
41.97108071372401 1.64218759269734 1.3390788158083615
-40.032918995377564 5.651202311626747 1.3046215961613563
-36.99418568183272 4.928521024242812 1.6723240799423142
-33.90994563728592 5.8233911573174595 1.3222666288369807
-30.392617385761156 4.870542768691934 1.7756205078885603
-26.926149496189353 4.854700383203507 1.4647854387801325
-23.842241603719152 4.834197946072877 1.291376275471177
-21.069021965184326 4.4347162542224225 1.1801452111186062
-17.804065393377968 4.962299872083889 1.6312584326155204
-14.435627293368022 4.999415112188601 1.5609677639348443
-11.331655506308046 4.477940779999358 1.372371646621285
-7.2102296998983775 4.682453382745933 1.889464927260406
-3.872792983370843 4.796282949005672 1.1871860684252111
-1.1713864357075892 4.992787716849492 1.39278566108415
1.4324322993835352 6.245048753155487 1.3725290430528112
4.736097815293533 4.315839033744766 1.7594176743948504
7.985709873970151 4.759023560689684 1.3943334507752425
10.852129436442297 5.740690384662813 1.4695648620382467
13.72816828397329 4.544198860594946 1.5420450390540172
17.305328471589277 5.09067548133234 1.8205954145590182
20.651029498434895 4.490116584007353 1.4172707528881694
24.032716635403332 4.549184816876576 1.8491662930104238
28.065232426325608 4.612778335849285 1.4989800598840926
30.465877978444666 6.165000522662879 1.2332942120033277
32.471758036867186 4.397466909466047 1.2700593624886722
35.39546824226531 4.513833998476983 1.5064760805212203
38.618418418320644 4.210396449971341 1.5399398329365575
42.149145728243184 4.587193917415888 1.5103218286925635
-40.68188017255925 8.480171950648199 1.4428692220319195
-37.49015223330678 7.9501006707145905 1.262168014759982
-34.7110747244351 8.659834160536604 1.309716266908716
-31.797725520468454 7.907310460976561 1.4101209766824778
-28.370327839210013 7.527079683837414 1.4279327626442093
-25.121847160192992 7.70859400332499 1.676415741331294
-20.930650235810802 7.01846892411757 1.289668836113957
-18.472124752967538 7.913441308847155 1.216149677248195
-15.383201169950034 8.237200615220559 1.6572555077942643
-10.616493238509065 7.379852551496441 1.5115308599984796
-7.434430614192991 8.381047631186334 1.6913009244097836
-4.096088499607205 7.643254970107634 1.4886735223784247
-1.1637847130982948 7.710428130581832 1.1338728982381168
0.9995693598078645 8.954699398064221 1.175832565213636
4.18954435070205 7.859943563379019 1.6117696314918615
7.596301477947577 7.869197457270914 1.6178429509275396
11.538411281915728 9.294536360713295 1.967718007493787
14.834223713338133 7.624152933984192 1.5833648283553872
18.94634452018076 8.368703919779136 1.6955103078492049
22.028224923735195 7.3004160397760955 1.4422281508273351
24.934109724561537 8.125442808991693 1.4386079799032128
27.89652047430144 7.644959726815145 1.4122750644842652
30.982536140664337 8.90924202004922 1.4315053435303502
33.18566990555351 7.0655677654322915 1.314115367970425
36.31600244061215 7.646462947527894 1.6288755088875795
40.04376973011344 7.491167809454424 1.9193979079877115
-39.48346768443429 11.131152756974814 1.2861516027648878
-36.702975479971094 10.541784000672621 1.3273996882711998
-33.57143465085267 11.721722227961834 1.7867248563926024
-30.1243621334293 10.54258371472315 1.5943738605679756
-26.852408083697576 10.583924361251093 1.5637401033555622
-23.012812278203484 10.390958842577177 1.5876594012283045
-19.726422374028573 10.577297719669161 1.5217826725608352
-16.51398556570664 10.98816944603179 1.2013713924162355
-12.466853048540862 10.140722438679745 1.5982403451878748
-9.246551818134677 10.998369589383572 1.3899495510235487
-6.204359186515177 11.547448194268497 1.5588982898427146
-2.7106118501817633 10.159141602284379 1.2293766972883988
-0.32399421738351464 11.000573351489791 1.160044794023691
3.086639015358088 11.016920574652076 1.5891581475292198
5.844328479464139 10.28073939945341 1.135289810551082
8.463810632015452 11.184778149948798 1.5222398296548734
11.156353479869196 12.883297098414815 1.5111279435400533
14.65128864103984 11.421109199169905 1.586489494215661
17.937288240687565 11.613414639897954 1.5533005314699169
22.14584874064205 10.564501199225887 1.6813309206630316
25.447375976525194 11.141796006418915 1.4529979147417296
28.44769295503781 10.658141836633604 1.4745886826014414
30.844406194128354 11.609612111820454 0.9778661330810777
33.14078021971994 10.73017409252715 1.2773418939596861
37.00891681558559 11.091518087694638 1.768437489309935
40.30282795091148 11.05486994608684 1.4210350857848666
-39.15667207998308 14.481171586863695 1.9178075382620494
-35.58647465864064 14.548698626546823 1.511452629063517
-28.49657626595328 13.377077043764785 1.5620738524245765
-29.62683666719385 17.056703875973554 1.5171562445365763
-25.23462653877465 13.336975443333912 1.5087339197990337
-21.77855874011692 13.761894311266488 1.841245538628247
-18.567111505906105 13.227412821111272 1.2574223892199583
-14.376652386104311 12.666003865623424 1.3694076520418361
-11.322130709601893 12.938942250313232 1.2991017397090563
-8.516997914113936 14.04035217773091 1.6129808414014437
-6.200792407205313 15.55479587316188 1.0240738560207234
-4.223417983304373 13.917304344700852 1.4228690378475775
-1.0750866198431908 13.824466432321586 1.5803111015158269
2.005951021830782 14.010409072647647 1.4016142567696654
5.671237341905126 13.123541576595642 1.602985595140288
8.402755365978194 14.035904908673146 1.1724666900755336
12.035553976482149 16.422780785469783 1.782586712598523
14.157864388293376 14.234680165879823 1.1506760794967865
18.241644297402374 15.047261186056318 1.7791410366490021
21.02123631004406 13.46514831096249 1.3146965416251475
23.993444178981306 13.909793239531368 1.552872954293945
27.15374838227126 13.67640078512153 1.4971059529053423
30.186012022608352 14.061677608343317 1.436479340603244
33.085806395891524 13.60645397303773 1.3976597212396251
35.921472265261755 14.034109916009214 1.2615134615622092
38.93586920881502 13.957114844540712 1.488301216363818
-35.83168284870074 17.81426732733125 1.537012578605021
-32.28903778844264 15.042106674292299 1.660502845575597
-27.790965038867334 19.486882300467443 1.2901725917202418
-26.161701847962426 16.627655376784645 1.7712949285964839
-22.593506170001383 17.054174315791897 1.4300176667867532
-16.338257178114254 14.997253242467096 1.4475394430923938
-15.102341816711046 18.049409629414285 1.330910554463434
-13.106304650590474 15.609673982123383 1.7072446676532973
-10.632775277618286 17.469862931606926 1.2779570655183508
-7.6831273672992495 17.95061197197404 1.6023637468232996
-2.9036205311774523 16.68587876414219 1.4551491109477173
-1.0035112562231632 19.26076597475226 1.640035408100871
1.9624330939342798 17.32929190626696 1.6994388788034533
5.258594935009384 16.465359080081754 1.6022728981520087
8.576259752719352 16.87425050010461 1.5689957329998165
12.598896052718118 19.445619343421612 1.1410853868296356
15.670421332757044 18.028740187692094 2.0405868433160217
20.078766512701662 18.11379084666447 1.5958684334199438
22.70689062401722 16.628865046840716 1.3172393419592836
25.795574527976925 16.528295761579542 1.421592726885572
29.67298669330586 17.308756964326506 1.7251872068454164
32.07665385239744 15.816694155528154 0.9282893298664865
34.26174657791178 17.641737813180043 1.68401412096209
37.47166176613557 16.658750499873022 1.4779848965551623
-34.726007135887976 20.86804003862929 1.593828255324012
-32.59494824513369 18.34482092426356 1.5281357441689691
-31.32376542811143 21.21925419539879 1.5077794215788973
-24.45624158053839 19.568537076509145 1.5172381763928504
-20.828799298770015 19.666317699699235 1.605888316109419
-19.260313187698316 16.395582036799922 1.5780639507478198
-17.89021287963699 21.24077852587942 1.5478839298064595
-14.38214698924601 21.403049684514997 1.851499141721745
-12.758805613565947 18.839911993172663 1.0323795458507679
-7.256384919506715 21.187024141156755 1.5601313136309807
-4.505836146512763 19.495051140315667 1.5512508537684246
-0.7057487800386184 22.593402106403033 1.6023705575848457
2.0209491721852686 20.77345055260696 1.5380258590771556
4.96304916025619 19.638128495323073 1.4761462717376637
7.566636113072562 19.403107180972484 0.9975757691733527
10.13408548857295 19.26958852959939 1.1590772421849618
15.248703255253389 22.02328833769063 1.5932506500188257
18.340897105827267 20.892169180274124 1.579103578227458
21.80090667356818 20.836827190037823 1.4968817051568757
24.930335524329948 19.648553569613384 1.6947990589696984
28.025298820578698 19.9455784085946 1.2705056443904392
31.77054687259286 20.26304304483547 1.7731766476257196
35.416037962612435 20.824268828083675 1.571146800519478
-36.23247213850787 23.651993376404278 1.4445271600530838
-30.664349536966583 24.164331712052174 1.3642313570220534
-28.321601701418096 22.19533670677167 1.3077960097044192
-25.269422306748417 22.690897717344754 1.5954401740776316
-17.494457255650765 18.554960526812707 1.003329712939954
-20.964372077980975 22.808002462715265 1.4170445572095134
-16.0936048215303 24.427468159681936 1.4073743447421816
-12.977824787097433 24.699269336055636 1.6092296611496864
-10.584740590232336 20.698883959023078 1.6724540734956819
-7.686841384478328 24.170122463243644 1.3293011010487694
-4.304656924748073 23.41313854704343 1.9548118840617805
-0.42314032438443405 25.703211102319457 1.371306877683303
2.2112534758896487 23.976346305918952 1.5200893791097458
4.957089942803705 22.64283700845303 1.3879413011327963
8.081380694123126 22.2205094706285 1.6559732754344243
11.685112051092617 22.420797149789223 1.844182643809976
14.743401760237191 25.80697704310913 2.0519652250438862
18.076744246470867 24.13884990203404 1.565431472064482
21.09737234016002 23.747753210571986 1.318447995125521
23.763054587433444 24.836860526039118 1.4056996050992911
25.58503909547599 22.714117533943906 1.2822891245888313
28.444558435265577 22.834362474165317 1.4649719651527338
31.13135915462398 23.1962806536076 1.1101917930273362
33.71225186067389 23.260498499835293 1.2964191745223776
-33.491628329354235 24.287778461784868 1.129296801585734
-30.153930314626272 27.06538303743575 1.4791214293954185
-26.84361688931383 25.653988609710012 1.6046418462687413
-23.255640547738352 25.298845892913633 1.5811167647419149
-19.73864287780154 25.952019922267638 1.8412632496460726
-17.327011048429625 28.253055917087693 1.379218067781012
-14.0994929643538 27.781268999002634 1.564208044676849
-10.105774385697686 25.22657452552552 1.202997665313243
-7.584805741264688 27.31946556733226 1.7134442068510771
-4.63559380397858 29.561663176244863 1.8338778367441126
-1.2067531626955486 28.74914396862431 1.5745292471865981
2.1982342184500965 27.61559294151199 1.7355464348525875
4.954617481714834 25.65582299774846 1.4939155265060362
8.07823533361433 25.56965624154418 1.4964575788137047
11.12638719993845 25.882908156460815 1.4567703827569733
14.74782460917669 29.66626745658435 1.6851469737531475
18.047707808571474 27.2119422441623 1.3669080145020853
21.17128171976431 26.878855599474036 1.6416144596662423
24.24564777444769 27.75540962943471 1.426023732916852
26.835897070057342 25.541583019156718 1.5686306230776283
30.354186517721672 26.206437893312184 1.8934246705023425
34.05207999640949 26.380442762459367 1.6613941255043527
-28.286104583264525 29.434776992518522 1.43199426159435
-25.414802161547534 28.31690054604475 1.2505248578992578
-22.331263039268002 28.549035168286892 1.6806737498462272
-20.591897349198646 31.510025656035168 1.6003574044463313
-17.324909224333418 31.173164551271142 1.4274678585891851
-14.301318686983407 30.911661517572227 1.4691749735318425
-10.884882277704811 28.01809891830922 1.488763440336179
-7.797708676757608 31.404914322377564 1.6473310397276588
-3.556761266963022 32.81006624454244 1.4323020005306872
-0.9219404191285889 31.73352810020222 1.2343491744256434
2.1206062644502737 31.26061650522476 1.732841361638103
5.384897858268914 28.753377925380875 1.5170339491217344
8.493846512452677 28.666305753654896 1.4405114805648318
11.485642778859969 28.96053655802966 1.4286323048626386
14.340375283400633 33.08536932489562 1.574618197788113
17.99363572672955 30.18689411695442 1.4509933502881225
21.173968609594297 30.256405957886642 1.5671410361371345
24.271273534496288 31.602397278612457 1.6385560176033493
27.219049255540014 28.77767085901928 1.511979445548813
30.02316107937679 29.762711791957585 1.351412955822687
-25.76462349321755 31.313544511911417 1.6042560865874649
-23.760580414469075 34.024852831483216 1.6559904375628123
-20.826533200723873 34.351456989115874 1.1240663930928354
-17.412282798053674 33.960029622040594 1.1315821184345578
-14.48157789184279 34.01942850648864 1.4637947166075984
-11.156462236897418 31.16826191199678 1.5641272605317158
-7.80989192177077 34.6929179835622 1.4773669827656675
-5.0817815963713 35.21406561639259 1.189578469290365
-1.5359980496985628 35.13548852733602 1.5221028077553815
1.3873930718026628 36.56766526185294 1.629345661893239
5.5345564726982275 32.03370557093906 1.6119717192603171
8.343855053141326 33.62402833048148 1.4943175982992736
11.139911089505787 32.089289848998106 1.5734041309620665
14.925358890140132 36.24923022590822 1.473673903814354
17.661176763838256 33.35265439513677 1.5805593102734372
21.045248952368723 33.726096372804946 1.707848134481737
24.388417499849893 35.23950278162573 1.8274438196118163
27.42404504605244 31.91204511283675 1.3989951403399516
-28.489465061299484 32.75666896004705 1.2962378292006989
-22.219268156606788 36.740632164841855 1.3034088216791153
-18.93597485239316 35.7459764774231 1.1105683800655137
-16.322171928358784 36.18924511093438 1.2403906619944307
-13.563712594797884 36.93201790462504 1.355616296106847
-11.209594636847356 34.65280331635576 1.7266266845520557
-6.8676958394700875 37.775286398799494 1.5495212009055959
-3.523949699149128 38.0181465245613 1.6826087211288763
-0.45451114966992634 39.30178341433208 1.4694532068902804
2.630362961084714 39.59328476082122 1.5188387129540253
4.181440790648352 34.931985085335725 1.4505573445030857
6.878955844114785 36.317347463313666 1.4192593518218077
10.629037282489847 34.744607835621 0.9265715455700083
11.95831425612674 36.96215567656495 1.4707974978960534
18.144097092477253 37.04168403175238 1.7259744012189402
21.512672062660812 37.23153467088082 1.5328007957264753
-15.991609678477317 38.94297257279858 1.3990835082885704
-13.280181594785809 39.69039282505976 1.2503294578385653
-10.554067533500515 38.17757911407115 1.7348694154733195
-8.352601634367183 40.31118277059579 1.1604874135799883
-5.485086140385761 40.31954708002961 1.193000843437734
-1.600550530671967 42.047496333134944 1.2749419350902618
1.5118906231208484 42.63426684552324 1.5644565187613722
5.466169482603661 38.85763601686203 1.2987289930787298
8.304903896812405 38.79767626401488 1.3336758932072672
11.112066016278035 39.9710955756224 1.5317364998975815
14.292674106800547 39.29669635164851 1.520986198661875
-10.857458430269183 41.896032620751285 1.6854305429769287
4.99832342210658 41.95842716039829 1.6561700091073845
8.3129313354505 41.98251469925626 1.5431159085628467
