-2.221139900135171 -6.628036872939848 1.4490763769867023
-5.345847268055951 -3.6704744054176848 1.2663481443909266
-2.600339059051336 -3.723930062638301 1.3796786417255222
0.38232280809719477 -3.976137148182066 1.51362682870711
3.5484486490309184 -4.542619070278236 1.6027748456099582
-6.412090358756751 -0.8668768547585888 1.633155719561826
-3.0551033769442224 -0.8368624760554955 1.4429833654104798
0.16000255398091134 -0.694768456168358 1.6752581700987552
3.741544630010889 -1.0237726714310256 1.8213598238564022
-6.699672150594022 2.5514743588511273 1.697270013086718
-3.236996471270226 2.371065861806386 1.6700956456126563
0.11084676641662661 2.6713127003496258 1.5911768259124683
3.5165624053423414 2.6057890400086148 1.7151642614971332
6.920800661921964 2.1896939417968735 1.614408541610801
-4.275174318806631 4.831250805226862 0.9001648714390901
-2.141810517342128 5.074829277985186 1.147054756762267
0.2438230859407522 5.543617524591337 1.1842019141219713
2.9011436129400536 5.741666359271866 1.380484878450206
5.612457226016611 4.964324085676495 1.340059005949329
