-12.609034214785634 -20.59208759756105 0.6878049349044365
-10.47391306747268 -21.128863216720084 1.3140692211952585
-14.586750579796217 -19.221662311616463 1.4422869591832383
-7.710170369031701 -20.0026181556617 1.4554709289671384
-8.232513785818803 -22.839636219641164 1.3007606868324046
-3.6254131042247906 -25.298464544091615 1.2915519640869715
-0.8090176049899469 -24.60777940390334 1.496133592173576
1.9381161664844129 -23.34304222814317 1.4191591760571332
5.177681859393871 -22.817268946341922 1.728670277818107
-17.089877959953238 -17.358762505354665 1.4208148991030933
-11.515739774097682 -15.640770199977851 1.2031546323745346
-11.737942419691581 -18.618174828128602 1.347243970303291
-5.99230234853362 -16.322199871419386 1.6302837797167624
-4.91260515145138 -22.16818572666802 1.9702078369646454
-1.4669650815218631 -21.643792565106153 1.404939330256837
2.189039762211131 -20.338340138776957 1.449322935994422
5.144839234757789 -19.450014769825373 1.535987607719759
8.172838062788536 -17.289488689229916 1.4008237420140155
8.54795130586546 -20.890088614991566 2.049659862752421
12.797721329018735 -21.235926024802477 1.4920524622905025
16.79181919060173 -16.552654563292155 1.3656962618555462
-14.964860779177698 -13.255583781208067 1.3955632756302072
-14.261669331083908 -16.173543987150268 1.4906961939450156
-9.114011656487705 -17.217483599968286 1.5079077422329703
-6.214288522874092 -13.297459964765668 1.2692514297244022
-3.3400036226350025 -18.470321982523693 1.681210558563955
-0.3244901274921119 -19.1681893773539 1.210614133554332
2.4906433622173907 -16.75048157660687 1.5216129278683672
5.446415397676901 -16.48149880812509 1.3408808360782711
8.553940467359034 -14.355637437270556 1.4546785025916926
11.314618944334526 -15.284576069289827 1.3437614067862138
11.352320558030605 -18.361032939079426 1.6075517156271344
14.291317183782716 -17.92455865572097 1.2599621126704057
-17.988139692576848 -14.060713158759874 1.6295328323225724
-9.909838299133682 -9.65721301713019 1.3864010499107353
-12.059953519916498 -12.96595113777213 1.4159288947925903
-9.106230271484264 -13.968315863908064 1.594324481720994
-3.574038461332492 -14.162061143034347 1.3463339376513956
-0.7546967162967562 -16.200057939976038 1.6541148622049868
1.3873772975735648 -14.104031372960847 1.221333911511787
4.7154187043000135 -13.575095263584451 1.5481309788285857
7.148502082920679 -11.651328384196056 1.4276311662629266
9.832477109862118 -10.421939421305908 1.2610804015410144
14.246947720713372 -15.034543192071084 1.4962114613408144
17.2882602774837 -13.643869573116035 1.4669466244838094
-21.954626333248804 -10.2390645109355 1.2938821914362484
-18.95943447958401 -10.797071992194773 1.6318429398415626
-15.896924928802047 -10.604350294733415 1.313208537540664
-12.928211787752787 -10.045100613360972 1.5308688611685815
-9.241680060883333 -6.767459052025508 1.4383627658283618
-7.313432451075762 -10.807587881876948 1.3129249724926741
-4.076663223701793 -10.89634801303017 1.802049790488352
-1.0481586379190873 -13.179871992966298 1.2629827931324726
2.4060640408095537 -11.582668053395423 1.3768492632555938
4.730475623131895 -6.978422194136911 1.1267864349991763
4.770670371773711 -9.743098551779205 1.505978577066179
7.70195198721045 -8.991288912521036 1.179852056817476
12.403282621240159 -12.185954304234073 1.7532473467115044
15.550343744121278 -11.171025209902353 1.447152135980559
19.801289728344337 -12.029024924662174 1.3984662713589855
22.885924883279657 -10.894460214018643 1.2329959078299926
-22.404693982258898 -7.547908321404783 1.3182222268157806
-19.381479394912354 -7.476171405199153 1.6048761983249615
-15.144005863242771 -7.615932428985303 1.6472690447555491
-11.864931371736947 -7.264982411165029 1.11382674487706
-6.263990386676717 -7.921751344425196 1.6183657407494365
-2.692354796326761 -7.775320874178185 1.469480055515429
-0.43913102840224383 -10.140545542183823 1.6956882369728463
0.6667157089925411 -6.813744928616792 1.366229241757147
6.9508225284892475 -6.8421036783331886 0.9847507732830977
10.16802889420299 -7.4578579940220635 1.5984114402459075
13.396269219160573 -8.67666716556468 1.7231156216751067
16.262269918909354 -7.052027304362532 1.4671179575062383
18.787245119447654 -9.065313146325053 1.628906130197005
21.97257318508173 -8.029777141608115 1.6012702958738512
24.68657675678533 -7.03613735469677 1.1751757266288114
-24.271471615784783 -5.292425604961977 1.4914497000931035
-21.0166695721417 -4.165372980223616 1.8388241568968375
-17.200071297348906 -4.626605547011202 1.8785400512495678
-13.268394787938728 -4.7370229268268815 1.6769861674379891
-7.604409399146007 -4.173693046856897 1.5042467924011633
-5.9553746661819105 -2.26023772210322 0.9010042799380796
-4.433006520157576 -5.036063238873851 1.6700480439176735
-0.16577837628864245 -3.6870587524023364 1.7531857844426035
2.942049385636949 -4.921099848754729 1.4805701464691765
6.072653646176228 -4.299289219210813 1.6031798543170073
9.28874056242524 -4.371837864979334 1.4960005949562518
12.504839239879125 -3.4402995609634957 1.7376812188740955
15.999573359893532 -3.8288177352381965 1.6447649562582178
19.328050503281148 -4.206114605478604 1.5787163824506614
22.78779970705409 -4.616251303847903 1.7982250626746903
-22.546730057831056 -1.2663183199349248 1.3304233389313962
-19.81007195993979 -0.9991466135948528 1.3099645741699613
-16.68751366204517 -0.9947109883956244 1.6882234352059315
-13.380638169674256 -1.430528991554894 1.5206721096375988
-10.399261794311627 -2.833803715475703 1.4725197217328543
-8.033113434610577 -0.8358746210243524 1.5180195325551722
-3.3594420704972023 -1.801087971288105 1.6288763576313032
-0.5361280580874492 -0.4449475577335704 1.4012730969844134
2.3243283858839305 -1.4316763635732386 1.5030901761244715
5.590077621850398 -0.9140208522996929 1.6991887183988321
8.711126013105641 -1.4643306582536866 1.3439729715019668
11.335626617405616 -0.4786756550527187 1.3283826109391945
16.728076877644796 -0.8718326514891501 1.2999483626677224
20.230379702286825 -1.2030264252830136 1.4503547608712253
23.25972364145764 -1.0538612363267816 1.4531320423979766
-24.402849135735213 1.3784303365556099 1.7677604063361623
-20.80839000192227 2.020386355439861 1.7576824395922444
-17.5836597406151 2.015899955137691 1.348245297976794
-12.018833815890439 1.49805939356893 1.5919500179990904
-9.038426891655718 1.9390202005330934 1.313615579857041
-5.745223450569135 1.0609255374401911 1.3420757728931696
-2.8512284358697 1.4270350245798014 1.450319900848878
0.2957256598338347 2.711377468501283 1.7487542033092438
3.3287990278617343 1.4370609973951076 1.4248408677281048
6.209577203587031 2.3569964489554422 1.4982243154009363
8.843957267182887 1.2042790804419 1.224356758687345
12.578539747657864 2.073373794007253 1.3905563376159746
15.342874357958806 1.4937436225595278 1.3231809302590953
18.609528174914075 1.7960467531899127 1.8476771414033442
22.084959354605402 1.783152519232594 1.5057685229808397
25.050445603301497 1.7327303343710057 1.3506175739441935
-22.67640011085872 5.127464064193084 1.7624380639111932
-16.66305913524051 4.90220702764924 1.5761371955209846
-13.034601363147665 4.48431258322907 1.4524346214540664
-10.014246647658624 4.634808120806738 1.4512210984472769
-6.942080760146155 4.05255555870454 1.5539947740129507
-3.677039677877204 4.482970759767632 1.6137112427884477
-0.8772838297597758 5.690799556503272 1.332425365053119
2.8577513749425947 5.935425152828557 2.2642482507780284
7.140670071085566 5.784550317146923 1.9071196171336422
10.081640865303775 3.7982204002877964 1.5392448724754617
11.154240203136354 6.314934204408999 1.0697653014134225
13.195990470165476 4.828123163408897 1.3255339267210173
15.626340047881207 4.023541630758345 1.1186910199341284
19.238272918740137 4.882338012530916 1.1929468230988451
22.074471862326448 4.911733065653223 1.5214171225828372
25.007975514087633 4.516459795773393 1.331588605301012
-22.63066117561295 8.539669374403573 1.5341145735143908
-18.754069876758503 7.376876410444147 1.5616740942140983
-14.4671054930484 7.061597530422588 1.3931710444716563
-11.516495190258926 7.085301097357316 1.3110723174866672
-8.811252367487782 7.217249376163302 1.2864587865989383
-5.881885796730387 7.088280381551854 1.5430999204160654
-3.0025940955232784 7.3851250971432165 1.240386417175727
-0.3865749759010768 8.643362860544386 1.5485902989382494
2.63571417755756 9.912803552224261 1.6134647152641912
6.0450487827307455 9.385383981381949 1.7269823444428136
9.495266806175586 8.635998083768001 1.6816347468397754
12.434761960951278 8.186325531197554 1.077494292928325
14.578060834187923 7.086863884462915 1.2063676036127062
16.97196608991731 6.122164832017198 1.2575130098746172
19.336101573976123 7.9270994098626915 1.5988495008990176
23.761233506121314 7.823267295655491 1.7156683057300277
-20.068628549099337 10.10564852102916 1.3519442342097827
-16.32769672495644 9.371203095716297 1.448928202119544
-13.104145086833178 9.951115556701083 1.6959576744076037
-9.582792957135155 10.23090895153205 1.7184834621290215
-6.2999344229247285 10.178145315277433 1.4596504766065541
-3.2428704611006367 10.19258870951792 1.4616204620159046
-0.6679791377767543 11.922301277445555 1.5280514077144312
2.3467869559492414 13.333486565530194 1.697322478241019
6.108436726483227 12.645898598338214 1.424595395457131
9.385854788697948 12.195592825975595 1.7753746610725833
12.34146010940539 10.778373912406465 1.3940093246578755
15.615905004936394 9.881853315739114 1.660641335945671
18.843685307781406 11.012018329821856 1.4182279922514265
21.58209623998559 10.134677793810937 1.347716192382965
-21.050856563234664 12.89263893058338 1.4682246085666661
-18.033795938310988 12.286263862848479 1.5035298994870523
-15.284004817319545 11.970305142533093 1.1532739685623539
-12.889023854490635 13.141040297621267 1.3991126311537356
-9.981055094149013 13.456903092048861 1.402670859350977
-6.798773166446061 13.378483456706363 1.678690235518268
-3.5219659422705973 13.246537392196245 1.4763754050266156
-0.9385020019924468 15.220108775965599 1.6745247322808894
2.3296681691526047 17.086020137314726 1.9386337082123943
4.777472839685046 14.81063335359788 1.0154606603447607
7.759719235085413 14.792587634304006 1.1696890860077602
12.078213405979746 14.753406402259785 1.7888255769696801
14.76252196452333 12.896509993593881 1.366097691256999
17.636265453103768 13.704813454841485 1.426883837396977
20.690516798558612 13.799594844458085 1.5094966303550952
-19.499264332400312 15.914671673622209 1.8254840753174366
-13.213773809648877 16.21275400164145 1.5813434547849803
-13.5979661046557 19.30335482100871 1.413851219199382
-10.22077215615893 18.336299074398255 1.9872697846643894
-7.218062892900733 16.53419421031699 1.3850988997635088
-4.07301400218779 16.657234271686818 1.6551571148926705
-1.449865135535056 18.087558928065597 1.1109046601711168
1.4999172428296248 20.644615921138573 1.6139398634168545
5.699261861431538 17.009336973961673 1.2487522340316648
8.326390975388222 17.300486557926476 1.275755375866474
11.057821681245386 17.9141383742147 1.4074881994604467
15.381985989649344 15.867525020511337 1.55662390172021
18.429846604846546 17.018035410624307 1.5790492273371135
-16.29673752931381 17.586331410122803 1.6793808736003735
-9.631459635849161 22.30155580078992 1.8938053907745713
-6.221851365212949 19.21636753722069 1.3746714926647066
-3.291665953260818 20.267742355108986 1.6317636253332413
-0.9854628731882684 21.71791747985018 0.9892031512745986
-2.442753065852564 23.699268493140416 1.3523447646874236
4.756342220497153 19.827869277610404 1.604917204620109
8.130267794232331 20.374032459384217 1.7013641190791637
11.412793552789225 20.94952859445568 1.5250935088059183
14.07572106571493 18.928131525524208 1.6572565464516258
16.794710940767423 19.12476644296003 0.9632718339489272
-6.23036034705963 22.070014553100002 1.3776402132207968
2.081910675360348 23.873770030752418 1.534442030879628
5.367373833927125 23.21326748567393 1.7162033034015178
